mse per seq: 1200.955431436439
38.827469990435375
58.5573401700062
78.57146660678357
100.12746619412219
119.31677678119705
135.33620881842802
149.55974061039078
162.2209409231163
173.71619733940645
184.72182400255318
ssim per frame: 0.7808409
0.89233804
0.8564343
0.8264168
0.79828453
0.7760664
0.7589114
0.74357736
0.7304241
0.718475
0.7074811
psnr per frame: 16.053493
20.545992
18.788399
17.496103
16.425516
15.6438675
15.082474
14.634658
14.274503
13.963731
13.679695
lpips per frame: 0.19031495
0.11647131
0.14086929
0.15859254
0.17317934
0.18721122
0.19936812
0.21339543
0.22640687
0.2378513
0.24980399